315 318 2 326 385 5 409 424 436 460 500 511 537 541 554 15
571 581 608 611 620 634 664 682 686 790 817 859 879 895 973 974
975 992 1016 1047 1064 1071 1090 1102 1109 1181 1189 1196 1202 1203 1205 1242
48 1324 1330 1370 1377 1393 1394 1404 1454 57 1467 1505 1515 1525 1531 1575
1576 1580 1632 1633 1634 1655 1660 1677 1682 1687 1750 1752 1782 1785 1797 1834
1866 1878 1918 1932 84 1980 2020 2046 2048 2060 2140 2166 2178 2190 94 2213
2216 2245 2259 2285 2287 2289 2341 2346 2360 2382 2390 2448 2462 2472 2507 2515
2516 2527 2554 2558 2568 2581 118 2583 2600 2601 2603 2612 124 2614 2622 2684
2692 2710 2732 2738 2813 2912 2941 2947 2950 2954 2966 2985 3006 3008 3023 3028
3046 3048 3060 3095 3132 3197 3198 3204 3207 3225 3229 3234 3272 3303 3316 3335
3346 3373 162 3395 164 3404 3409 167 3411 3450 170 3486 3494 3519 3521 3563
3588 3602 3628 3655 3672 3679 3718 183 3779 3837 3846 3856 3858 3880 3884 3899
3905 3908 3922 3960 3996 3999 4059 4098 4105 4119 4139 4144 4183 4209 4213 4229
4234 4242 4273 4360 4361 4365 4397 4400 4416 4426 4497 4498 4515 4516 4527 4560
4567 4576 4578 227 4637 4647 4665 4669 4694 4696 4701 4732 236 237 4746 4770
4842 4859 4861 243 244 4880 4892 4920 248 249 4935 4953 4970 5077 5082 5091
256 257 0 259 260 261 262 1 3 265 266 267 268 10 270 271
272 273 274 12 276 277 278 279 280 13 282 14 284 285 17 287
288 289 20 22 24 25 294 295 28 297 29 299 300 30 33 303
34 35 306 307 308 37 38 311 39 313 314 40 316 317 41 319
320 42 322 323 324 43 44 45 328 46 330 331 49 50 334 54
55 58 61 339 340 341 62 63 344 67 68 347 348 349 350 351
70 353 71 355 72 73 74 359 360 361 362 76 364 365 366 367
368 369 77 371 372 373 79 375 376 377 378 81 86 87 382 88
89 90 386 93 95 389 96 99 100 393 394 101 396 397 398 399
400 102 402 403 103 405 104 407 105 107 108 411 110 413 414 415
111 119 120 419 420 421 121 122 123 425 126 427 428 128 131 431
132 135 136 435 137 437 438 439 440 139 141 443 444 445 446 447
448 449 450 142 452 453 454 143 144 457 146 459 147 461 149 150
464 151 153 467 468 469 470 471 472 473 155 475 476 156 478 479
157 481 482 483 484 158 486 487 159 489 490 491 492 493 161 495
496 497 498 165 169 501 172 503 504 173 506 507 508 175 176 179
512 513 514 515 180 517 182 185 520 188 522 523 524 525 526 527
189 193 530 531 532 533 534 195 536 197 538 198 540 199 200 543
544 545 546 201 548 549 550 551 552 553 203 204 556 557 558 206
560 561 207 209 564 565 210 211 214 569 570 216 572 217 574 575
576 577 578 579 580 221 223 224 225 226 586 587 588 228 229 230
592 593 594 595 596 232 598 599 235 239 602 603 604 240 241 607
246 247 610 251 252 613 254 615 1024 617 618 619 1026 621 622 623
1027 625 626 627 628 629 630 1029 632 1030 1031 1032 636 637 638 639
1034 1036 642 643 1037 1039 1040 647 1042 1043 650 651 1045 653 1046 655
656 657 1049 659 660 661 662 663 1050 665 666 667 1051 669 670 1052
672 1055 1058 675 676 677 678 679 680 1060 1061 683 684 685 1065 1066
688 689 690 691 692 693 694 1067 696 697 698 699 1068 1070 702 1072
704 705 1073 707 708 709 1075 1076 712 713 714 715 716 717 1081 719
720 721 722 723 724 1082 726 727 1083 729 730 1084 732 733 1091 735
1096 737 738 739 740 741 1097 1098 744 1099 746 1100 1101 749 750 1103
752 1104 754 1105 1107 757 758 1113 760 1116 762 763 764 1117 766 767
768 1118 1120 771 772 773 1121 775 776 777 778 779 1124 781 782 783
784 785 1125 1126 1127 789 1128 791 1129 793 794 1130 796 1133 798 1135
800 801 1139 803 804 1140 1141 807 1144 1145 1146 811 812 1147 1149 815
816 1150 818 1151 820 821 822 823 824 1152 826 1153 828 829 1156 831
832 1157 834 835 1158 1159 1163 839 840 841 842 1167 844 845 846 847
1168 849 1169 851 852 1173 1175 855 1176 857 1178 1179 860 861 862 1182
864 865 1184 867 1185 869 870 871 1187 873 1188 875 876 877 878 1190
880 881 882 883 1191 885 1195 887 1197 1198 1199 891 892 893 894 1201
896 1204 1207 899 900 901 1212 903 1213 905 1214 907 1215 909 910 911
912 913 914 915 1217 917 918 1218 920 1219 922 1220 924 1221 926 1223
928 929 1224 1225 932 1226 1227 935 1232 937 938 939 940 941 942 943
1234 945 946 947 1235 949 950 951 1237 953 954 1239 956 957 958 1240
960 1243 962 963 964 965 966 1245 968 969 1246 971 972 1247 1248 1249
976 977 978 1250 980 981 982 1251 984 985 1252 987 988 1253 990 1254
1260 993 994 995 996 997 998 1262 1000 1001 1002 1003 1004 1005 1263 1007
1264 1265 1266 1011 1012 1013 1014 1267 1269 1017 1270 1019 1274 1021 1276 1023
21 26 64 78 117 125 127 148 178 1033 213 218 219 220 222 238
242 250 258 263 269 286 338 381 390 429 430 441 456 502 535 539
542 547 582 590 591 640 649 1063 681 695 700 743 748 808 813 858
863 890 1074 930 952 989 1296 1309 1334 1363 1376 1416 1442 1448 1501 1527
1529 1089 1536 1627 1628 1640 1688 1690 1751 1769 1786 1791 1847 1850 1868 1891
1934 1948 1982 1997 1998 2017 2023 1111 2076 2086 2095 2107 2147 2153 2175 2187
2188 2227 2243 2286 2291 2299 2301 2306 2319 2364 2368 2383 2405 2408 1134 2430
2432 2433 2435 2538 2541 2569 1142 2573 2589 2596 2599 2634 2687 2694 2695 2740
2768 2780 2791 2822 2855 2865 2880 2888 2917 2920 2939 2977 2991 3015 3085 3106
3109 3124 1170 1171 3136 3174 3182 3194 3221 1177 3228 3265 3331 3358 3428 1183
3451 3459 3510 3522 3528 3548 3550 3551 3572 3580 3603 3610 3662 3673 3686 3726
1200 3735 3743 3752 3772 3776 3780 3806 3822 1209 1210 1211 3826 3863 3879 3904
1216 3916 3924 3948 3955 3965 3971 3979 4024 4033 4036 4066 4073 4128 4134 4146
4181 4223 4230 4236 4243 4250 4259 4266 4275 4294 4307 4372 4383 4384 4414 4447
4455 4474 4489 4495 4601 4602 4617 4653 4659 4683 4776 4777 4784 4790 4826 4899
4918 4943 4955 4985 4988 4989 5000 5002 5027 5032 5033 5073 5084 5093 5105 5114
51 59 80 1283 91 114 134 174 212 234 275 283 298 1293 325 406
417 422 433 455 463 1301 466 567 573 605 1306 614 652 658 728 769
827 833 836 837 850 853 923 934 983 999 1009 1018 1041 1325 1056 1080
1086 1087 1112 1166 1332 1333 1193 1231 1233 1278 1537 1545 1547 1551 1593 1596
1608 1345 1617 1347 1625 1349 1630 1694 1712 1729 1736 1789 1798 1828 1861 1909
1943 1977 1986 1996 2001 2006 2007 2011 2016 1369 2056 2061 2080 2105 2134 2195
2218 2236 2240 2261 2264 2317 2320 2324 2340 2392 2403 2413 2425 2426 2434 2470
2475 2483 2485 2514 2602 2633 2675 2677 2679 2691 2696 2698 2701 2725 2747 2755
2786 2805 2807 2823 2842 2848 2881 2890 2919 2957 2987 3056 3061 3072 3079 3080
3084 3107 3112 3114 1428 3149 3166 3242 3251 3254 3274 1435 3322 3357 1438 3361
3366 3369 3379 3440 1444 3456 3463 3481 3493 3515 3586 3590 3614 3635 3674 3702
3706 3717 3730 3778 3782 3802 3895 3903 3921 3968 3994 4016 4025 4040 4072 4075
4079 4086 4109 4150 4152 4154 4174 4186 4196 4199 4251 4265 1484 1485 4278 4279
4336 4340 4356 4357 4358 4440 4479 4480 4486 4488 4512 4538 4544 4555 4557 1503
4570 4593 4598 4630 4634 4661 1510 4666 4678 4681 4684 4722 4742 4762 4764 1519
1520 4796 4809 4815 4820 4839 4856 4881 4900 4915 4924 5001 5035 5066 5103 5118
1277 1279 1538 1280 1282 1541 1542 1543 1544 1284 1546 1285 1290 1549 1550 1291
1292 1553 1554 1294 1556 1557 1558 1559 1560 1295 1562 1563 1564 1565 1566 1297
1568 1569 1570 1571 1572 1573 1574 1298 1299 1577 1302 1579 1303 1581 1582 1583
1305 1585 1310 1587 1311 1589 1312 1591 1592 1313 1594 1314 1315 1597 1318 1599
1600 1601 1602 1603 1320 1323 1606 1607 1326 1609 1610 1611 1612 1613 1327 1615
1328 1329 1618 1619 1620 1621 1622 1623 1624 1331 1626 1336 1337 1338 1339 1631
1340 1341 1342 1635 1636 1637 1343 1639 1344 1641 1346 1348 1644 1645 1351 1352
1353 1354 1650 1651 1652 1355 1357 1358 1656 1657 1658 1361 1362 1661 1662 1663
1364 1366 1367 1667 1668 1368 1670 1371 1672 1673 1373 1675 1676 1374 1678 1375
1680 1681 1379 1683 1684 1685 1380 1381 1382 1383 1384 1691 1692 1693 1386 1388
1696 1389 1698 1391 1700 1701 1702 1703 1704 1705 1396 1707 1398 1709 1710 1711
1400 1401 1402 1715 1716 1717 1718 1719 1403 1406 1408 1723 1724 1725 1409 1727
1728 1410 1730 1731 1732 1733 1413 1735 1415 1417 1738 1739 1419 1741 1742 1420
1421 1745 1424 1747 1425 1749 1426 1427 1429 1753 1754 1755 1430 1757 1758 1759
1760 1431 1434 1763 1436 1765 1766 1767 1768 1439 1770 1771 1772 1773 1774 1775
1776 1777 1441 1443 1780 1781 1445 1446 1784 1450 1451 1787 1788 1453 1455 1457
1792 1458 1794 1459 1796 1460 1464 1465 1469 1470 1471 1803 1804 1805 1474 1807
1808 1809 1810 1475 1476 1813 1814 1478 1816 1817 1818 1819 1479 1821 1822 1823
1824 1825 1826 1827 1481 1829 1830 1482 1832 1483 1486 1835 1836 1488 1489 1839
1840 1841 1492 1843 1844 1845 1846 1493 1848 1849 1495 1851 1852 1853 1854 1855
1496 1857 1497 1859 1860 1498 1862 1863 1864 1499 1504 1507 1509 1869 1870 1871
1511 1873 1874 1875 1876 1877 1512 1879 1513 1881 1882 1516 1884 1885 1886 1517
1518 1521 1890 1522 1892 1893 1524 1526 1532 1533 1898 1899 1900 1901 1902 1903
1904 1534 1906 1907 1908 2049 1910 1911 1912 1913 2050 1915 1916 1917 2051 1919
1920 2053 1922 1923 1924 1925 1926 1927 1928 1929 1930 1931 2055 1933 2057 1935
1936 1937 1938 1939 2059 1941 1942 2063 2064 2065 2066 2067 2068 1949 2069 1951
1952 1953 1954 2070 1956 2072 2073 1959 1960 2075 1962 1963 1964 1965 1966 1967
2078 1969 2079 1971 2082 2083 2084 1975 2090 2092 2093 1979 2096 2097 2100 1983
2101 1985 2102 1987 1988 2103 1990 1991 1992 1993 2104 1995 2108 2110 2111 1999
2112 2113 2002 2003 2004 2005 2114 2116 2008 2009 2010 2117 2012 2013 2014 2015
2118 2120 2018 2121 2123 2021 2022 2124 2024 2025 2026 2129 2028 2029 2133 2135
2032 2033 2034 2136 2137 2037 2038 2039 2138 2041 2141 2142 2044 2045 2143 2144
18 23 47 75 2052 82 109 130 154 190 192 196 205 231 245 304
321 332 345 354 356 357 370 374 379 383 2074 395 426 477 499 585
755 810 819 825 838 854 866 872 884 902 906 916 921 925 931 933
1020 1022 1025 2099 1077 1079 1106 1114 1122 1131 1180 1230 1244 1257 1258 1259
1261 1271 1272 1273 1281 1300 1308 1372 1378 1390 2122 1392 1407 1412 1414 1449
1472 1473 1506 1535 2132 1598 1659 1679 1708 1721 1746 1761 1793 1811 1837 1856
1858 1867 1872 1880 1883 1889 1895 2151 1896 1897 1957 1974 1978 1989 2158 2042
2333 2338 2349 2350 2366 2388 2410 2414 2423 2455 2467 2171 2494 2496 2511 2574
2604 2177 2613 2630 2657 2666 2182 2729 2775 2812 2826 2907 2911 2924 2925 2937
2945 2980 3004 3025 3083 3105 2198 2199 3125 3133 3175 3218 3311 3323 3341 3347
3353 3410 3422 3462 3489 3518 3529 3540 3583 3595 3627 3656 3668 3708 3720 3761
3770 3830 3872 3881 3954 3969 2230 3983 3985 4015 4020 2235 4023 4042 4044 4050
4065 4081 4101 4123 4137 4159 4182 4195 4204 4212 4215 4224 4226 4263 4281 4302
4332 4339 4366 4376 4377 4404 4411 4421 4436 2265 4478 4551 4573 4599 2270 4609
4668 4691 4734 4737 4767 4779 4793 4799 4833 4852 4853 4860 4865 4870 4871 4872
4878 4910 4925 4939 4954 4978 4979 5004 5016 5026 5047 5065 5086 5110 5111 5113
6 83 113 129 138 145 152 166 186 187 194 255 2316 292 2318 333
336 352 363 401 404 434 451 462 2328 2329 465 2331 488 494 505 519
529 559 566 583 600 624 631 633 2344 635 641 2347 646 671 706 710
718 734 736 742 747 788 805 843 897 904 919 2363 961 967 979 1053
1057 1085 1093 1123 1132 1137 1143 1154 1155 1160 1161 1208 1222 1317 1322 1359
1397 1399 1433 1437 1452 1456 1480 1490 1514 2393 1567 1588 1590 1604 1605 1614
1666 1671 1737 1790 1799 1800 2406 1802 1812 1894 1905 1921 1944 1950 1955 2043
2058 2417 2071 2085 2091 2421 2127 2131 2157 2165 2210 2211 2428 2255 2274 2283
2300 2605 2635 2668 2686 2704 2706 2752 2754 2763 2778 2783 2789 2796 2817 2857
2862 2869 2887 2451 2903 2908 2926 2927 2928 2938 2952 2962 2978 3018 3020 3047
3055 3081 3127 3152 3187 3201 3217 3275 3276 3277 2474 3284 3289 3312 3354 3363
3365 3381 3388 3414 3420 3447 3466 3467 3495 2489 3503 3534 3545 3569 3578 3634
3678 3715 2498 3727 3740 3746 3781 3794 3795 3798 3801 3816 3818 3831 3875 3950
3977 3991 4026 4027 4041 4102 4124 4147 4165 4179 4228 4299 4301 4318 4328 4329
4338 4349 4385 4390 4398 4458 4472 4481 4561 4577 4583 4587 4604 4667 2542 4680
4688 4739 2546 4769 4786 4800 4841 4849 4855 4869 4934 4944 5015 5070 5081 5117
2146 2561 2562 2563 2149 2565 2566 2567 2150 2152 2154 2571 2572 2155 2156 2575
2576 2577 2578 2579 2580 2159 2582 2160 2584 2585 2586 2587 2588 2162 2590 2591
2592 2593 2594 2595 2163 2164 2598 2167 2168 2169 2170 2172 2174 2176 2606 2607
2608 2179 2610 2611 2180 2181 2183 2615 2616 2617 2618 2184 2620 2621 2186 2623
2624 2625 2626 2627 2189 2629 2191 2631 2632 2192 2193 2196 2197 2200 2638 2639
2640 2641 2201 2202 2204 2645 2646 2647 2648 2649 2650 2651 2652 2653 2205 2655
2656 2206 2658 2207 2660 2661 2662 2663 2208 2212 2214 2667 2215 2669 2670 2671
2672 2673 2674 2217 2676 2219 2220 2221 2680 2681 2682 2683 2222 2685 2223 2224
2225 2689 2690 2226 2228 2229 2231 2232 2237 2697 2238 2699 2700 2239 2241 2703
2242 2705 2244 2707 2708 2709 2246 2711 2712 2713 2714 2715 2716 2717 2718 2719
2720 2721 2722 2247 2250 2251 2252 2727 2728 2253 2257 2731 2258 2262 2263 2735
2736 2737 2266 2739 2267 2741 2268 2743 2744 2745 2746 2271 2748 2749 2750 2272
2273 2753 2275 2276 2278 2757 2758 2759 2279 2761 2762 2280 2281 2765 2766 2767
2282 2769 2284 2771 2772 2773 2774 2288 2776 2777 2290 2779 2293 2781 2782 2294
2784 2785 2295 2296 2297 2302 2790 2303 2792 2793 2794 2795 2304 2797 2798 2799
2309 2801 2802 2803 2310 2311 2312 2313 2808 2809 2810 2811 2314 2315 2814 2815
7 11 32 52 53 60 65 97 112 115 171 177 184 202 264 312
335 337 343 391 408 416 423 458 474 480 485 510 516 555 563 606
644 645 668 751 2852 759 795 799 802 814 2858 874 936 944 991 1069
1088 1092 1094 1115 2868 1136 1138 1162 2872 1172 1186 1192 1206 1229 1236 2879
1255 1268 1275 1307 1335 1350 1356 1387 1422 1447 1463 1466 1468 1494 1502 1540
1555 1638 1648 1653 1664 1669 1689 1706 1734 1740 1743 1744 1778 1783 1820 1831
1838 1887 1914 1945 1946 1970 1973 1976 1981 2000 2027 2030 2031 2040 2081 2089
2098 2106 2109 2128 2148 2173 2185 2194 2203 2209 2233 2249 2256 2292 2305 2307
2944 2308 2369 2375 2395 2453 2463 2484 2486 2549 2564 2955 2956 2609 2636 2654
2960 2659 2688 2726 2730 2734 2787 2788 2804 3082 3090 3103 3116 3185 3211 3257
3259 3315 3328 3330 3338 3387 3391 3421 3465 3530 3537 3541 3565 3585 3591 3604
3612 3622 3636 3713 3722 3773 3774 3815 3834 3001 3845 3003 3853 3893 3896 3007
3913 3937 3944 3956 3963 3987 3990 4008 4055 4080 4089 4149 4153 4156 4162 4184
4260 4270 3026 4334 4344 4367 4437 4445 4471 4490 4493 4506 4539 4542 4565 4575
4594 4614 3042 4635 4686 4709 4714 4719 4730 4733 4740 4787 4803 4806 4868 4876
4889 4931 4932 4936 4948 4950 4956 4993 5024 5045 5052 3067 5080 3069 5092 3071
2321 3073 3074 3075 3076 3077 3078 2322 2323 2325 2326 2327 2330 2332 3086 3087
3088 3089 2334 2336 3092 3093 3094 2337 3096 3097 3098 3099 3100 3101 3102 2339
3104 2342 2343 2348 3108 2351 3110 3111 2352 2353 2355 3115 2356 3117 3118 2358
3120 3121 3122 2361 2362 2365 3126 2367 2370 3129 3130 3131 2371 2372 3134 3135
2373 2376 2378 3139 3140 3141 3142 3143 3144 3145 3146 3147 3148 2379 3150 3151
2380 3153 3154 3155 3156 2381 2384 2386 3160 2389 3162 3163 3164 3165 2391 3167
2394 3169 3170 3171 3172 2396 2397 2398 3176 3177 3178 3179 3180 3181 2399 3183
2400 2401 2402 2404 3188 2407 3190 3191 3192 2409 2411 3195 2412 2415 2416 3199
3200 2419 3202 3203 2420 3205 2422 2424 3208 3209 3210 2429 3212 3213 3214 3215
3216 2431 2436 2437 3220 2438 3222 2439 3224 2440 3226 3227 2441 2442 3230 2443
3232 3233 2444 3235 3236 2446 3238 3239 2449 3241 2450 3243 2452 3245 2454 3247
3248 3249 3250 2456 3252 3253 2457 3255 3256 2458 3258 2459 3260 3261 3262 3263
3264 2460 3266 3267 2461 3269 3270 3271 2464 3273 2466 2468 2469 2471 3278 3279
3280 3281 3282 3283 2473 3285 3286 3287 3288 2476 3290 3291 3292 3293 3294 3295
2477 2478 3298 3299 3300 3301 3302 2479 3304 3305 3306 3307 3308 3309 3310 2480
2481 3313 2482 2487 2488 3317 3318 3319 2490 2491 2492 2493 3324 3325 3326 3327
2495 3329 2499 2500 3332 3333 3334 2501 3336 3337 2502 3339 3340 2503 2504 3343
3344 3345 2506 2508 3348 3349 3350 3351 2509 2510 2512 3355 3356 2513 2517 3359
2518 2519 3362 2520 3364 2521 2522 3367 3368 2523 2524 3371 3372 2525 3374 3375
3376 3377 2526 2529 3380 2530 3382 3383 3384 3385 2531 2532 2534 3389 3390 2535
2536 3393 3394 2539 3396 3397 3398 3399 3400 3401 3402 3403 2540 3405 3406 3407
3408 2543 2544 2545 3412 3413 2547 3415 3416 2548 3418 3419 2550 2551 2552 3423
3424 3425 3426 3427 2553 3429 3430 3431 3432 3433 3434 3435 3436 3437 3438 3439
2556 3441 2557 3443 2559 3445 2816 2818 2819 3449 2820 2821 3452 3453 2825 2827
2828 3457 3458 2830 3460 3461 2831 2832 3464 2834 2835 2837 3468 2839 3470 3471
3472 3473 3474 2840 3476 3477 3478 3479 3480 2843 3482 3483 3484 2844 2846 3487
3488 2847 3490 2849 3492 2851 2853 2854 3496 3497 3498 3499 3500 3501 3502 2856
3504 3505 3506 3507 3508 3509 2859 2860 3512 3513 3514 2861 3516 3517 2864 2866
3520 2867 2870 3523 3524 3525 3526 3527 2873 2875 2876 3531 3532 2882 2883 3535
2884 2885 3538 3539 2886 2891 3542 3543 3544 2892 2893 3547 2894 3549 2895 2896
3552 3553 2897 3555 3556 2898 3558 3559 3560 2899 3562 2900 3564 2901 2902 3567
3568 2904 3570 3571 2906 2909 3574 3575 3576 3577 2913 3579 2914 3581 2915 2916
3584 2918 2929 3587 2930 3589 2931 2932 3592 3593 3594 2933 3596 3597 3598 3599
3600 3601 2934 2935 2936 3605 3606 3607 3608 3609 2940 3611 2942 3613 2943 3615
3616 3617 3618 3619 3620 3621 2946 3623 3624 3625 3626 2948 2949 3629 3630 3631
2951 3633 2953 2958 2959 3637 3638 3639 3640 3641 3642 3643 3644 3645 3646 3647
3648 3649 3650 3651 3652 3653 3654 2961 2963 3657 3658 3659 3660 3661 2964 3663
3664 2965 2967 3667 2969 3669 3670 3671 2970 2972 2974 3675 3676 3677 2975 2976
3680 3681 3682 3683 3684 3685 2979 3687 3688 3689 3690 3691 3692 3693 2981 3695
3696 3697 3698 2982 3700 3701 2983 3703 3704 3705 2984 2986 2989 3709 2992 2993
2995 2996 3714 2997 3716 2998 2999 3719 3000 3002 3009 3723 3724 3725 3010 3011
3728 3012 3014 3731 3732 3733 3734 3016 3736 3017 3738 3019 3021 3741 3742 3022
3744 3745 3024 3747 3748 3749 3027 3751 3029 3753 3754 3755 3756 3757 3030 3759
3760 3031 3762 3763 3764 3765 3032 3033 3768 3769 3034 3771 3035 3036 3037 3775
3038 3777 3039 3040 3041 3043 3044 3783 3784 3785 3786 3787 3788 3789 3790 3791
3792 3793 3045 3050 3796 3797 3051 3799 3052 3054 3057 3803 3804 3805 3058 3807
3059 3809 3062 3063 3812 3813 3814 3064 3066 3817 3068 3819 3820 3821 3070 3823
3824 3825 4352 3827 3828 3829 4353 4354 3832 3833 4355 3835 3836 4359 3838 3839
3840 3841 3842 3843 3844 4362 4363 3847 3848 3849 4368 3851 3852 4369 3854 3855
4370 3857 4371 3859 3860 3861 3862 4373 4375 3865 3866 3867 3868 3869 3870 4378
4379 4380 3874 4381 4386 3877 3878 4387 4388 4389 3882 3883 4391 3885 3886 3887
3888 3889 3890 3891 3892 4392 3894 4393 4394 3897 3898 4395 4396 3901 3902 4399
4401 4402 3906 3907 4405 3909 3910 3911 4406 4407 3914 3915 4408 3917 3918 4409
3920 4410 4412 3923 4415 3925 3926 3927 3928 3929 3930 3931 3932 3933 3934 3935
3936 4417 4418 4419 3940 3941 3942 3943 4420 3945 3946 3947 4424 3949 4425 3951
3952 3953 4427 4428 4429 3957 3958 4430 4432 3961 4433 4434 3964 4435 3966 3967
4438 4441 3970 4442 3972 3973 3974 3975 3976 4443 3978 4444 3980 3981 3982 4446
4448 4449 3986 4450 3988 3989 4451 4452 3992 3993 4453 4454 4456 3997 3998 4457
4459 4001 4460 4003 4004 4005 4006 4007 4461 4009 4010 4462 4012 4013 4014 4463
4464 4017 4018 4466 4467 4021 4022 4468 4469 4470 4473 4475 4028 4476 4030 4031
4477 4482 4483 4035 4484 4037 4038 4039 4485 4492 4494 4501 4502 4045 4503 4504
4048 4049 4507 4051 4052 4509 4054 4510 4511 4057 4058 4513 4060 4061 4062 4063
4064 4514 4517 4067 4068 4069 4070 4071 4518 4519 4074 4520 4076 4077 4078 4521
4522 4523 4082 4083 4084 4085 4524 4087 4088 4525 4090 4091 4092 4093 4094 4095
4096 4097 4526 4099 4100 4529 4530 4103 4104 4531 4106 4107 4108 4533 4110 4111
4112 4113 4114 4115 4116 4117 4118 4534 4120 4121 4122 4536 4537 4125 4126 4127
4540 4129 4130 4131 4132 4133 4541 4135 4136 4543 4138 4547 4140 4141 4142 4143
4548 4145 4549 4550 4148 4553 4554 4151 4556 4558 4559 4155 4562 4157 4158 4564
4160 4161 4566 4163 4164 4568 4166 4167 4168 4169 4569 4171 4172 4572 4574 4579
4176 4177 4178 4581 4180 4582 4586 4588 4589 4185 4590 4187 4188 4189 4190 4191
4192 4193 4194 4591 4592 4197 4198 4595 4200 4201 4202 4203 4596 4205 4206 4207
4208 4600 4210 4211 4605 4606 4214 4607 4216 4217 4218 4219 4864 4221 4222 4866
4867 4225 4873 4227 4874 4875 4877 4231 4232 4233 4879 4235 4882 4237 4238 4239
4240 4241 4883 4884 4244 4245 4246 4247 4248 4249 4885 4886 4252 4253 4887 4255
4256 4257 4258 4888 4890 4261 4262 4891 4264 4894 4895 4267 4268 4269 4896 4271
4272 4898 4901 4902 4276 4277 4904 4905 4280 4906 4282 4283 4284 4285 4286 4287
4288 4289 4290 4291 4292 4293 4907 4295 4296 4297 4298 4909 4300 4912 4913 4914
4304 4916 4306 4917 4308 4309 4310 4311 4312 4919 4314 4315 4316 4317 4921 4922
4320 4321 4322 4323 4324 4325 4326 4327 4926 4927 4928 4331 4929 4333 4933 4937
4938 4337 4940 4941 4942 4341 4342 4343 4949 4345 4346 4347 4348 4951 4350 4351
4 8 16 36 56 69 92 106 140 163 168 181 4364 215 291 293
302 327 329 342 358 384 4374 387 388 392 410 521 528 562 4382 584
616 648 673 674 703 731 745 770 774 780 786 792 830 848 868 886
927 955 986 1006 1008 1028 1035 1054 1059 1062 1095 1108 1164 4413 1165 1286
1287 1288 1316 1321 1360 1365 1395 4423 1418 1432 1462 1487 1491 1500 1528 4431
1561 1586 1616 1629 1642 1654 1665 1674 1686 1695 1697 1713 1720 1779 1795 1801
1806 1842 1865 1888 1940 1947 1984 2035 2054 2087 2115 2119 2125 2126 2130 2139
2145 2161 2248 2254 2260 2269 2277 2335 2354 2357 2359 2374 2377 2427 2445 2447
2497 2505 2528 2555 2637 2642 2643 2644 2678 2693 2724 2733 2742 2751 2760 2764
2770 2806 2829 2833 2836 2845 2850 2871 2877 4505 2905 2922 2923 2988 2994 3013
3053 3128 3158 3159 3168 3186 3189 3196 3206 3223 3231 3240 3246 3268 3296 3297
3320 3321 3342 3352 4532 3370 3378 4535 3386 3392 3444 3446 3448 3455 3475 3491
3511 3533 4546 3546 3554 3557 3582 3665 4552 3694 3710 3712 3721 3750 3758 3767
3800 3811 3850 3864 3873 3919 3939 3962 3995 4000 4002 4011 4029 4032 4043 4046
4047 4053 4056 4170 4305 4335 4625 4628 4584 4585 4660 4682 4706 4712 4729 4738
4751 4753 4754 4772 4774 4597 4813 4858 4946 4976 4980 4603 4990 5021 5058 5094
4608 4952 4610 4611 4612 4613 4957 4615 4616 4958 4618 4619 4620 4621 4622 4623
4624 4959 4626 4627 4960 4629 4961 4631 4632 4633 4962 4963 4636 4964 4638 4639
4640 4641 4642 4643 4644 4645 4646 4965 4648 4649 4650 4651 4652 4966 4654 4655
4656 4657 4658 4968 4969 4971 4662 4663 4664 4972 4974 4975 4977 4981 4670 4671
4672 4673 4674 4675 4676 4677 4982 4679 4983 4984 4986 4987 4991 4685 4992 4687
4994 4995 4690 4996 4692 4693 4997 4695 4998 4697 4698 4999 4700 5003 4702 4703
4704 4705 5005 4707 4708 5006 4710 4711 5007 4713 5008 4715 4716 4717 4718 5010
4720 4721 5011 4723 4724 4725 4726 4727 4728 5012 5013 5014 5018 5019 5020 4735
4736 5022 5023 5025 5029 4741 5030 4743 4744 4745 5031 4747 4748 4749 4750 5034
4752 5036 5037 4755 5038 4757 4758 4759 5040 4761 5041 4763 5042 4765 4766 5043
5044 5046 5048 4771 5049 4773 5050 4775 5051 5053 4778 5054 4780 4781 4782 5055
5057 4785 5059 5060 4788 4789 5061 4791 4792 5063 4794 4795 5064 4797 4798 5067
5069 4801 4802 5072 5074 4805 5075 4807 4808 5076 4810 4811 4812 5078 4814 5079
4816 4817 4818 4819 5083 5085 5087 4823 4824 4825 5088 4827 4828 4829 4830 4831
5089 5090 4834 4835 4836 4837 4838 5095 5096 5098 5099 5101 4844 4845 4846 4847
4848 5102 5104 4851 5106 5107 4854 5108 5109 4857 5112 5115 5116 5119 4862 4863
9 19 27 31 66 85 98 116 133 160 191 208 233 253 281 290
296 301 305 309 310 346 380 412 418 432 442 509 518 4893 568 589
597 4897 601 609 612 654 687 4903 701 711 725 753 4908 756 761 4911
765 787 797 806 809 856 888 889 898 908 948 4923 959 970 1010 1015
1038 1044 4930 1048 1078 1110 1119 1148 1174 1194 1228 1238 1241 1256 1289 1304
1319 4945 1385 4947 1405 1411 1423 1440 1461 1477 1508 1523 1530 1539 1548 1552
1578 1584 1595 1643 1646 1647 1649 4967 1699 1714 1722 1726 1748 4973 1756 1762
1764 1815 1833 1958 1961 1968 1972 1994 2019 2036 2047 2062 2077 2088 2094 2234
2298 2345 2385 2387 2418 2465 2533 2537 2560 2570 2597 2619 2628 2664 2665 2702
2723 5009 2756 2800 2824 2838 2841 2863 2874 5017 2878 2889 2910 2921 2968 2971
2973 2990 3005 3049 5028 3065 3091 3113 3119 3123 3137 3138 3157 3161 3173 5039
3184 3193 3219 3237 3244 3314 3360 3417 3442 3454 3469 3485 3536 3561 3566 3573
5056 3632 3666 3699 3707 3711 5062 3729 3737 3739 3766 3808 5068 3810 3871 5071
3876 3900 3912 3938 3959 3984 4019 4034 4173 4175 4220 4254 4274 4303 4313 4319
4330 4403 4422 4439 4465 4487 4491 4496 4499 5097 4500 4508 5100 4528 4545 4563
4571 4580 4689 4699 4731 4756 4760 4768 4783 4804 4821 4822 4832 4840 4843 4850
